CPU usage during test runs:

--- CPU stats for 4 threads ---
Linux 6.8.0-57-generic (artem-XENIA-15) 	13.04.2025 	_x86_64_	(16 CPU)

16:54:34     CPU    %usr   %nice    %sys %iowait    %irq   %soft  %steal  %guest  %gnice   %idle
16:54:35     all   28,15    0,00    2,39    0,00    0,00    0,06    0,00    0,00    0,00   69,40
16:54:36     all   38,37    0,00    2,02    0,00    0,00    0,13    0,00    0,00    0,00   59,48
16:54:37     all   11,08    0,00    1,39    0,00    0,00    0,00    0,00    0,00    0,00   87,53
16:54:38     all   10,08    0,00    1,39    0,06    0,00    0,19    0,00    0,00    0,00   88,28
16:54:39     all    6,42    0,00    2,42    0,06    0,00    0,00    0,00    0,00    0,00   91,10
16:54:40     all   15,78    0,00    0,82    0,00    0,00    0,06    0,00    0,00    0,00   83,34
16:54:41     all    3,85    0,00    0,57    0,00    0,00    0,13    0,00    0,00    0,00   95,46
16:54:42     all    2,67    0,00    0,32    0,00    0,00    0,06    0,00    0,00    0,00   96,95
16:54:43     all    2,84    0,00    0,82    0,00    0,00    0,00    0,00    0,00    0,00   96,34
16:54:44     all    9,19    0,00    1,26    0,00    0,00    0,00    0,00    0,00    0,00   89,55
16:54:45     all    1,39    0,00    0,63    0,00    0,00    0,00    0,00    0,00    0,00   97,98
16:54:46     all    2,01    0,00    0,57    0,00    0,00    0,00    0,00    0,00    0,00   97,42
16:54:47     all   18,49    0,00    1,14    0,00    0,00    0,06    0,00    0,00    0,00   80,32
16:54:48     all   30,74    0,00    1,89    0,00    0,00    0,06    0,00    0,00    0,00   67,32
16:54:49     all   19,41    0,00    1,83    0,00    0,00    0,13    0,00    0,00    0,00   78,64
16:54:50     all    1,51    0,00    0,50    0,00    0,00    0,13    0,00    0,00    0,00   97,86
16:54:51     all    2,96    0,00    0,76    0,00    0,00    0,00    0,00    0,00    0,00   96,28
16:54:52     all    3,08    0,00    1,07    0,00    0,00    0,06    0,00    0,00    0,00   95,79
16:54:53     all    2,07    0,00    0,81    0,00    0,00    0,06    0,00    0,00    0,00   97,06
16:54:54     all    1,69    0,00    1,13    0,00    0,00    0,06    0,00    0,00    0,00   97,12
16:54:55     all    1,45    0,00    0,63    0,00    0,00    0,00    0,00    0,00    0,00   97,92
16:54:56     all    1,63    0,00    0,63    0,00    0,00    0,00    0,00    0,00    0,00   97,74
16:54:57     all   32,06    0,00    4,92    0,06    0,00    0,43    0,00    0,00    0,00   62,54
16:54:58     all   82,82    0,00    7,04    0,00    0,00    2,09    0,00    0,00    0,00    8,05
16:54:59     all   81,46    0,00    8,70    0,00    0,00    3,03    0,00    0,00    0,00    6,81
16:55:00     all   79,15    0,00    7,78    0,00    0,00    3,89    0,00    0,00    0,00    9,18
16:55:01     all   43,34    0,00    9,98    0,00    0,00    4,31    0,00    0,00    0,00   42,37
16:55:02     all   37,22    0,00   10,69    0,00    0,00    4,50    0,00    0,00    0,00   47,59
16:55:03     all   31,61    0,00   10,32    0,00    0,00    4,38    0,00    0,00    0,00   53,69
16:55:04     all   37,31    0,00   10,63    0,00    0,00    4,04    0,00    0,00    0,00   48,01
16:55:05     all   36,64    0,00   11,18    0,00    0,00    4,54    0,00    0,00    0,00   47,63
16:55:06     all   35,80    0,00   11,15    0,00    0,00    4,15    0,00    0,00    0,00   48,90
16:55:07     all   37,40    0,00   10,91    0,00    0,00    4,42    0,00    0,00    0,00   47,27
16:55:08     all   34,03    0,00   10,67    0,00    0,00    4,25    0,00    0,00    0,00   51,05
16:55:09     all   35,10    0,00   10,64    0,07    0,00    3,97    0,00    0,00    0,00   50,23
16:55:10     all   32,64    0,00   10,92    0,00    0,00    4,59    0,00    0,00    0,00   51,84
16:55:11     all   31,65    0,00   10,14    0,00    0,00    4,26    0,00    0,00    0,00   53,94
16:55:12     all   31,17    0,00   10,32    0,00    0,00    4,55    0,00    0,00    0,00   53,96
16:55:13     all   31,18    0,00   10,22    0,00    0,00    4,14    0,00    0,00    0,00   54,46
16:55:14     all   32,71    0,00   10,58    0,06    0,00    4,22    0,00    0,00    0,00   52,43
16:55:15     all   37,28    0,00   11,58    0,00    0,00    4,36    0,00    0,00    0,00   46,78
16:55:16     all   36,30    0,00   10,64    0,00    0,00    4,19    0,00    0,00    0,00   48,87

--- CPU stats for 8 threads ---
Linux 6.8.0-57-generic (artem-XENIA-15) 	13.04.2025 	_x86_64_	(16 CPU)

16:55:17     CPU    %usr   %nice    %sys %iowait    %irq   %soft  %steal  %guest  %gnice   %idle
16:55:18     all   27,54    0,00    2,09    0,00    0,00    0,19    0,00    0,00    0,00   70,18
16:55:19     all   38,96    0,00    2,28    0,00    0,00    0,06    0,00    0,00    0,00   58,69
16:55:20     all   20,28    0,00    1,89    0,00    0,00    0,06    0,00    0,00    0,00   77,77
16:55:21     all    3,22    0,00    0,69    0,06    0,00    0,00    0,00    0,00    0,00   96,03
16:55:22     all    2,27    0,00    0,88    0,00    0,00    0,06    0,00    0,00    0,00   96,79
16:55:23     all    1,00    0,00    0,63    0,00    0,00    0,00    0,00    0,00    0,00   98,37
16:55:24     all    0,88    0,00    0,31    0,00    0,00    0,06    0,00    0,00    0,00   98,74
16:55:25     all    1,76    0,00    1,00    0,00    0,00    0,00    0,00    0,00    0,00   97,24
16:55:26     all    2,77    0,00    0,57    0,06    0,00    0,13    0,00    0,00    0,00   96,47
16:55:27     all    2,15    0,00    0,70    0,06    0,00    0,00    0,00    0,00    0,00   97,09
16:55:28     all    3,26    0,00    1,38    0,00    0,00    0,00    0,00    0,00    0,00   95,36
16:55:29     all    1,83    0,00    0,69    0,00    0,00    0,06    0,00    0,00    0,00   97,41
16:55:30     all   12,98    0,00    1,76    0,06    0,00    0,06    0,00    0,00    0,00   85,14
16:55:31     all   29,35    0,00    2,50    0,06    0,00    0,06    0,00    0,00    0,00   68,02
16:55:32     all   22,75    0,00    1,57    0,00    0,00    0,00    0,00    0,00    0,00   75,68
16:55:33     all    2,33    0,00    0,63    0,00    0,00    0,00    0,00    0,00    0,00   97,04
16:55:34     all    1,32    0,00    0,57    0,00    0,00    0,00    0,00    0,00    0,00   98,11
16:55:35     all    1,70    0,00    0,63    0,00    0,00    0,06    0,00    0,00    0,00   97,61
16:55:36     all    1,70    0,00    1,13    0,00    0,00    0,00    0,00    0,00    0,00   97,17
16:55:37     all    1,76    0,00    0,69    0,00    0,00    0,00    0,00    0,00    0,00   97,54
16:55:38     all    1,07    0,00    0,57    0,00    0,00    0,00    0,00    0,00    0,00   98,36
16:55:39     all    1,19    0,00    0,44    0,00    0,00    0,06    0,00    0,00    0,00   98,30
16:55:40     all   11,41    0,06    2,33    0,06    0,00    0,19    0,00    0,00    0,00   85,94
16:55:41     all   85,45    0,00    8,12    0,00    0,00    1,51    0,00    0,00    0,00    4,91
16:55:42     all   86,65    0,00    9,17    0,00    0,00    2,68    0,00    0,00    0,00    1,50
16:55:43     all   85,11    0,00    9,70    0,00    0,00    3,57    0,00    0,00    0,00    1,63
16:55:44     all   70,58    0,00   14,23    0,00    0,00    5,68    0,00    0,00    0,00    9,51
16:55:45     all   55,64    0,00   18,10    0,00    0,00    7,23    0,00    0,00    0,00   19,03
16:55:46     all   54,25    0,00   19,82    0,00    0,00    7,64    0,00    0,00    0,00   18,30
16:55:47     all   54,59    0,00   18,31    0,00    0,00    7,87    0,00    0,00    0,00   19,23
16:55:48     all   54,53    0,00   18,84    0,00    0,00    7,93    0,00    0,00    0,00   18,70
16:55:49     all   59,80    0,00   20,07    0,00    0,00    7,04    0,00    0,00    0,00   13,09
16:55:50     all   57,72    0,00   22,07    0,00    0,00    7,22    0,00    0,00    0,00   12,99
16:55:51     all   58,32    0,00   21,27    0,00    0,00    7,00    0,00    0,00    0,00   13,41
16:55:52     all   58,49    0,00   21,29    0,00    0,00    7,43    0,00    0,00    0,00   12,80
16:55:53     all   59,04    0,00   20,88    0,00    0,00    7,11    0,00    0,00    0,00   12,97
16:55:54     all   58,06    0,00   22,25    0,00    0,00    7,11    0,00    0,00    0,00   12,57
16:55:55     all   58,87    0,00   21,40    0,00    0,00    6,98    0,00    0,00    0,00   12,76
16:55:56     all   58,01    0,00   22,74    0,00    0,00    7,05    0,00    0,00    0,00   12,20
16:55:57     all   58,52    0,00   21,94    0,00    0,00    7,36    0,00    0,00    0,00   12,19
16:55:58     all   59,06    0,00   21,82    0,00    0,00    6,92    0,00    0,00    0,00   12,20
16:55:59     all   58,01    0,00   22,25    0,00    0,00    7,22    0,00    0,00    0,00   12,52
16:56:00     all   62,09    0,00   19,97    0,00    0,00    6,96    0,00    0,00    0,00   10,97

--- CPU stats for 12 threads ---
Linux 6.8.0-57-generic (artem-XENIA-15) 	13.04.2025 	_x86_64_	(16 CPU)

16:56:00     CPU    %usr   %nice    %sys %iowait    %irq   %soft  %steal  %guest  %gnice   %idle
16:56:01     all   29,94    0,00    2,28    0,00    0,00    0,00    0,00    0,00    0,00   67,78
16:56:02     all   36,74    0,00    2,90    0,00    0,00    0,00    0,00    0,00    0,00   60,37
16:56:03     all   17,02    0,00    1,45    0,06    0,00    0,06    0,00    0,00    0,00   81,40
16:56:04     all    1,58    0,00    0,69    0,00    0,00    0,06    0,00    0,00    0,00   97,67
16:56:05     all    0,75    0,00    0,82    0,00    0,00    0,06    0,00    0,00    0,00   98,37
16:56:06     all    0,56    0,00    0,44    0,06    0,00    0,06    0,00    0,00    0,00   98,87
16:56:07     all    1,13    0,00    0,82    0,00    0,00    0,00    0,00    0,00    0,00   98,05
16:56:08     all    0,63    0,00    0,44    0,00    0,00    0,00    0,00    0,00    0,00   98,94
16:56:09     all    1,51    0,06    0,63    0,00    0,00    0,06    0,00    0,00    0,00   97,73
16:56:10     all    0,81    0,00    0,62    0,00    0,00    0,06    0,00    0,00    0,00   98,50
16:56:11     all    1,39    0,00    0,57    0,00    0,00    0,00    0,00    0,00    0,00   98,05
16:56:12     all    1,13    0,00    0,94    0,00    0,00    0,06    0,00    0,00    0,00   97,87
16:56:13     all   12,27    0,00    1,26    0,00    0,00    0,06    0,00    0,00    0,00   86,41
16:56:14     all   27,31    0,00    1,39    0,00    0,00    0,06    0,00    0,00    0,00   71,24
16:56:15     all   11,92    0,00    0,94    0,00    0,00    0,19    0,00    0,00    0,00   86,95
16:56:16     all    1,26    0,00    0,63    0,00    0,00    0,00    0,00    0,00    0,00   98,11
16:56:17     all    1,69    0,00    0,82    0,00    0,00    0,00    0,00    0,00    0,00   97,49
16:56:18     all    0,38    0,00    0,38    0,00    0,00    0,00    0,00    0,00    0,00   99,25
16:56:19     all    1,33    0,00    0,38    0,00    0,00    0,00    0,00    0,00    0,00   98,29
16:56:20     all    3,83    0,00    1,44    0,00    0,00    0,13    0,00    0,00    0,00   94,60
16:56:21     all    1,07    0,00    0,44    0,00    0,00    0,00    0,00    0,00    0,00   98,49
16:56:22     all    2,68    0,00    0,83    0,00    0,00    0,00    0,00    0,00    0,00   96,50
16:56:23     all   14,86    0,06    2,86    0,13    0,00    0,06    0,00    0,00    0,00   82,03
16:56:24     all   82,05    0,06    6,59    0,00    0,00    1,57    0,00    0,00    0,00    9,73
16:56:25     all   86,45    0,00    9,55    0,00    0,00    3,37    0,00    0,00    0,00    0,62
16:56:26     all   85,67    0,00   10,70    0,00    0,00    3,25    0,00    0,00    0,00    0,38
16:56:27     all   83,69    0,00   12,05    0,00    0,00    3,51    0,00    0,00    0,00    0,75
16:56:28     all   81,43    0,00   12,82    0,00    0,00    4,25    0,00    0,00    0,00    1,50
16:56:29     all   69,36    0,00   17,39    0,00    0,00    6,94    0,00    0,00    0,00    6,31
16:56:30     all   62,90    0,00   20,37    0,00    0,00    7,92    0,00    0,00    0,00    8,81
16:56:31     all   62,72    0,00   20,63    0,00    0,00    8,14    0,00    0,00    0,00    8,52
16:56:32     all   62,20    0,00   20,80    0,00    0,00    8,28    0,00    0,00    0,00    8,73
16:56:33     all   62,80    0,00   21,19    0,00    0,00    7,87    0,00    0,00    0,00    8,13
16:56:34     all   63,40    0,00   20,28    0,00    0,00    7,87    0,00    0,00    0,00    8,45
16:56:35     all   64,44    0,00   19,13    0,00    0,00    8,15    0,00    0,00    0,00    8,28
16:56:36     all   62,33    0,00   20,19    0,00    0,00    8,35    0,00    0,00    0,00    9,13
16:56:37     all   62,64    0,00   20,15    0,00    0,00    8,06    0,00    0,00    0,00    9,15
16:56:38     all   65,09    0,00   20,01    0,00    0,00    7,42    0,00    0,00    0,00    7,48
16:56:39     all   65,30    0,00   19,50    0,00    0,00    7,50    0,00    0,00    0,00    7,70
16:56:40     all   64,36    0,00   19,74    0,00    0,00    8,01    0,00    0,00    0,00    7,88
16:56:41     all   61,94    0,00   20,52    0,00    0,00    8,39    0,00    0,00    0,00    9,16
16:56:42     all   62,76    0,00   20,32    0,00    0,00    8,08    0,00    0,00    0,00    8,85
16:56:43     all   62,66    0,00   21,10    0,00    0,00    7,99    0,00    0,00    0,00    8,25

--- CPU stats for 16 threads ---
Linux 6.8.0-57-generic (artem-XENIA-15) 	13.04.2025 	_x86_64_	(16 CPU)

16:56:44     CPU    %usr   %nice    %sys %iowait    %irq   %soft  %steal  %guest  %gnice   %idle
16:56:45     all   28,79    0,00    2,42    0,00    0,00    0,00    0,00    0,00    0,00   68,79
16:56:46     all   36,48    0,00    2,60    0,06    0,00    0,06    0,00    0,00    0,00   60,80
16:56:47     all   27,62    0,00    2,79    0,00    0,00    0,19    0,00    0,00    0,00   69,40
16:56:48     all    2,64    0,00    0,69    0,00    0,00    0,00    0,00    0,00    0,00   96,66
16:56:49     all    1,58    0,00    1,26    0,00    0,00    0,13    0,00    0,00    0,00   97,03
16:56:50     all    3,21    0,00    1,45    0,00    0,00    0,06    0,00    0,00    0,00   95,29
16:56:51     all    2,65    0,00    0,57    0,00    0,00    0,00    0,00    0,00    0,00   96,78
16:56:52     all    2,63    0,00    0,69    0,00    0,00    0,06    0,00    0,00    0,00   96,61
16:56:53     all    2,45    0,00    1,00    0,00    0,00    0,06    0,00    0,00    0,00   96,49
16:56:54     all    5,10    0,00    2,08    0,00    0,00    0,06    0,00    0,00    0,00   92,76
16:56:55     all    2,39    0,00    1,01    0,00    0,00    0,06    0,00    0,00    0,00   96,54
16:56:56     all    1,95    0,00    1,07    0,00    0,00    0,06    0,00    0,00    0,00   96,91
16:56:57     all    5,75    0,00    0,94    0,06    0,00    0,06    0,00    0,00    0,00   93,18
16:56:58     all   29,34    0,00    1,77    0,00    0,00    0,13    0,00    0,00    0,00   68,77
16:56:59     all   24,42    0,00    2,31    0,00    0,00    0,12    0,00    0,00    0,00   73,15
16:57:00     all    1,63    0,00    0,50    0,00    0,00    0,06    0,00    0,00    0,00   97,80
16:57:01     all    0,88    0,00    0,50    0,00    0,00    0,00    0,00    0,00    0,00   98,62
16:57:02     all    1,13    0,00    0,50    0,00    0,00    0,00    0,00    0,00    0,00   98,37
16:57:03     all    0,94    0,00    0,57    0,00    0,00    0,00    0,00    0,00    0,00   98,49
16:57:04     all    1,19    0,00    0,75    0,00    0,00    0,13    0,00    0,00    0,00   97,93
16:57:05     all    1,13    0,00    0,44    0,00    0,00    0,00    0,00    0,00    0,00   98,42
16:57:06     all    1,07    0,00    0,69    0,00    0,00    0,00    0,00    0,00    0,00   98,24
16:57:07     all    6,23    0,00    1,64    0,13    0,00    0,00    0,00    0,00    0,00   92,00
16:57:08     all   76,37    0,00    5,99    0,00    0,00    1,07    0,00    0,00    0,00   16,57
16:57:09     all   86,02    0,00    9,86    0,00    0,00    3,25    0,00    0,00    0,00    0,87
16:57:10     all   84,08    0,00   11,49    0,00    0,00    3,62    0,00    0,00    0,00    0,81
16:57:11     all   83,29    0,00   11,51    0,00    0,00    4,13    0,00    0,00    0,00    1,06
16:57:12     all   79,65    0,00   14,13    0,00    0,00    5,04    0,00    0,00    0,00    1,18
16:57:13     all   65,31    0,00   22,00    0,00    0,00    8,42    0,00    0,00    0,00    4,27
16:57:14     all   63,44    0,00   22,93    0,00    0,00    8,79    0,00    0,00    0,00    4,84
16:57:15     all   63,66    0,00   22,62    0,00    0,00    8,89    0,00    0,00    0,00    4,83
16:57:16     all   64,41    0,00   21,75    0,00    0,00    9,31    0,00    0,00    0,00    4,53
16:57:17     all   65,26    0,00   22,29    0,00    0,00    7,92    0,00    0,00    0,00    4,53
16:57:18     all   65,08    0,00   22,20    0,00    0,00    8,40    0,00    0,00    0,00    4,33
16:57:19     all   64,82    0,00   22,01    0,00    0,00    9,03    0,00    0,00    0,00    4,13
16:57:20     all   66,20    0,00   21,84    0,00    0,00    7,91    0,00    0,00    0,00    4,05
16:57:21     all   65,92    0,00   21,57    0,00    0,00    8,81    0,00    0,00    0,00    3,70
16:57:22     all   65,93    0,00   21,49    0,00    0,00    8,47    0,00    0,00    0,00    4,11
16:57:23     all   66,35    0,00   21,33    0,00    0,00    8,44    0,00    0,00    0,00    3,87
16:57:24     all   66,84    0,00   20,93    0,00    0,00    8,56    0,00    0,00    0,00    3,68
16:57:25     all   66,35    0,00   22,03    0,00    0,00    7,94    0,00    0,00    0,00    3,68
16:57:26     all   66,48    0,06   21,61    0,00    0,00    8,24    0,00    0,00    0,00    3,61
16:57:27     all   66,77    0,00   21,31    0,00    0,00    8,24    0,00    0,00    0,00    3,68

--- CPU stats for 20 threads ---
Linux 6.8.0-57-generic (artem-XENIA-15) 	13.04.2025 	_x86_64_	(16 CPU)

16:57:27     CPU    %usr   %nice    %sys %iowait    %irq   %soft  %steal  %guest  %gnice   %idle
16:57:28     all   26,68    0,00    2,29    0,00    0,00    0,06    0,00    0,00    0,00   70,97
16:57:29     all   41,08    0,00    2,64    0,00    0,00    0,13    0,00    0,00    0,00   56,16
16:57:30     all   15,25    0,00    1,88    0,06    0,00    0,06    0,00    0,00    0,00   82,74
16:57:31     all    0,50    0,00    0,25    0,00    0,00    0,00    0,00    0,00    0,00   99,25
16:57:32     all    1,19    0,00    1,19    0,06    0,00    0,00    0,00    0,00    0,00   97,55
16:57:33     all    0,56    0,00    0,31    0,00    0,00    0,00    0,00    0,00    0,00   99,12
16:57:34     all    0,44    0,00    0,19    0,00    0,00    0,00    0,00    0,00    0,00   99,37
16:57:35     all    1,63    0,00    1,07    0,00    0,00    0,00    0,00    0,00    0,00   97,30
16:57:36     all    2,27    0,00    0,76    0,00    0,00    0,06    0,00    0,00    0,00   96,92
16:57:37     all    0,88    0,00    0,32    0,00    0,00    0,00    0,00    0,00    0,00   98,80
16:57:38     all    1,57    0,00    0,82    0,00    0,00    0,00    0,00    0,00    0,00   97,61
16:57:39     all    0,69    0,00    0,38    0,00    0,00    0,00    0,00    0,00    0,00   98,93
16:57:40     all   14,54    0,00    1,57    0,00    0,00    0,00    0,00    0,00    0,00   83,89
16:57:41     all   24,23    0,00    1,32    0,00    0,00    0,13    0,00    0,00    0,00   74,32
16:57:42     all   12,12    0,00    0,82    0,06    0,00    0,00    0,00    0,00    0,00   87,00
16:57:43     all    0,75    0,00    0,25    0,00    0,00    0,00    0,00    0,00    0,00   98,99
16:57:44     all    1,26    0,00    0,69    0,00    0,00    0,00    0,00    0,00    0,00   98,05
16:57:45     all    0,50    0,00    0,31    0,00    0,00    0,00    0,00    0,00    0,00   99,19
16:57:46     all    1,25    0,00    1,00    0,00    0,00    0,06    0,00    0,00    0,00   97,68
16:57:47     all    1,52    0,00    0,44    0,00    0,00    0,00    0,00    0,00    0,00   98,04
16:57:48     all    0,69    0,00    0,44    0,00    0,00    0,00    0,00    0,00    0,00   98,87
16:57:49     all    0,88    0,00    0,25    0,00    0,00    0,00    0,00    0,00    0,00   98,87
16:57:50     all   21,82    0,00    3,10    0,06    0,00    0,13    0,00    0,00    0,00   74,89
16:57:51     all   87,80    0,00    8,51    0,00    0,00    2,13    0,00    0,00    0,00    1,56
16:57:52     all   85,62    0,00   10,00    0,00    0,00    3,31    0,00    0,00    0,00    1,06
16:57:53     all   83,78    0,00   11,15    0,00    0,00    4,01    0,00    0,00    0,00    1,06
16:57:54     all   82,77    0,00   11,99    0,00    0,00    4,18    0,00    0,00    0,00    1,06
16:57:55     all   79,54    0,00   13,25    0,00    0,00    5,46    0,00    0,00    0,00    1,76
16:57:56     all   65,36    0,00   22,61    0,00    0,00    8,30    0,00    0,00    0,00    3,74
16:57:57     all   64,63    0,00   22,67    0,00    0,00    8,44    0,00    0,00    0,00    4,25
16:57:58     all   64,21    0,00   23,22    0,00    0,00    8,63    0,00    0,00    0,00    3,93
16:57:59     all   64,93    0,00   22,17    0,00    0,00    9,02    0,00    0,00    0,00    3,88
16:58:00     all   64,43    0,00   22,89    0,00    0,00    8,62    0,00    0,00    0,00    4,06
16:58:01     all   65,42    0,00   22,76    0,00    0,00    8,01    0,00    0,00    0,00    3,81
16:58:02     all   66,10    0,00   21,95    0,00    0,00    8,16    0,00    0,00    0,00    3,80
16:58:03     all   65,37    0,00   22,11    0,00    0,00    8,77    0,00    0,00    0,00    3,75
16:58:04     all   67,51    0,00   20,81    0,00    0,00    7,80    0,00    0,00    0,00    3,87
16:58:05     all   66,31    0,00   21,55    0,00    0,00    8,34    0,00    0,00    0,00    3,79
16:58:06     all   65,82    0,00   22,43    0,00    0,00    8,09    0,00    0,00    0,00    3,66
16:58:07     all   67,07    0,00   21,28    0,00    0,00    8,11    0,00    0,00    0,00    3,55
16:58:08     all   67,24    0,00   21,14    0,00    0,00    8,13    0,00    0,00    0,00    3,49
16:58:09     all   67,17    0,00   21,40    0,00    0,00    7,95    0,00    0,00    0,00    3,47
16:58:10     all   65,00    0,00   19,37    0,19    0,00    7,85    0,00    0,00    0,00    7,59

--- CPU stats for 24 threads ---
Linux 6.8.0-57-generic (artem-XENIA-15) 	13.04.2025 	_x86_64_	(16 CPU)

16:58:10     CPU    %usr   %nice    %sys %iowait    %irq   %soft  %steal  %guest  %gnice   %idle
16:58:11     all   26,65    0,00    2,08    0,00    0,00    0,19    0,00    0,00    0,00   71,08
16:58:12     all   36,92    0,00    2,72    0,00    0,00    0,00    0,00    0,00    0,00   60,35
16:58:13     all   11,98    0,00    1,64    0,00    0,00    0,06    0,00    0,00    0,00   86,32
16:58:14     all    1,45    0,00    0,32    0,00    0,00    0,00    0,00    0,00    0,00   98,24
16:58:15     all    1,63    0,00    1,38    0,00    0,00    0,06    0,00    0,00    0,00   96,93
16:58:16     all    1,01    0,00    0,57    0,00    0,00    0,00    0,00    0,00    0,00   98,42
16:58:17     all    2,08    0,00    0,88    0,00    0,00    0,06    0,00    0,00    0,00   96,98
16:58:18     all    0,56    0,00    0,50    0,00    0,00    0,06    0,00    0,00    0,00   98,87
16:58:19     all    1,00    0,00    0,44    0,00    0,00    0,00    0,00    0,00    0,00   98,56
16:58:20     all    1,20    0,00    0,44    0,00    0,00    0,00    0,00    0,00    0,00   98,36
16:58:21     all    1,45    0,00    0,63    0,00    0,00    0,00    0,00    0,00    0,00   97,92
16:58:22     all    1,57    0,00    1,00    0,06    0,00    0,00    0,00    0,00    0,00   97,36
16:58:23     all   14,87    0,00    1,20    0,00    0,00    0,00    0,00    0,00    0,00   83,93
16:58:24     all   27,85    0,00    1,57    0,00    0,00    0,06    0,00    0,00    0,00   70,51
16:58:25     all   10,43    0,00    0,63    0,00    0,00    0,00    0,00    0,00    0,00   88,94
16:58:26     all    1,38    0,00    0,63    0,00    0,00    0,00    0,00    0,00    0,00   97,99
16:58:27     all    1,95    0,00    0,88    0,00    0,00    0,00    0,00    0,00    0,00   97,17
16:58:28     all    1,77    0,00    0,76    0,00    0,00    0,06    0,00    0,00    0,00   97,41
16:58:29     all    1,70    0,00    0,57    0,00    0,00    0,00    0,00    0,00    0,00   97,73
16:58:30     all    1,06    0,00    0,38    0,06    0,00    0,00    0,00    0,00    0,00   98,50
16:58:31     all    1,64    0,00    0,88    0,00    0,00    0,00    0,00    0,00    0,00   97,48
16:58:32     all    1,63    0,00    1,13    0,06    0,00    0,00    0,00    0,00    0,00   97,17
16:58:33     all   22,17    0,06    3,23    0,06    0,00    0,19    0,00    0,00    0,00   74,29
16:58:34     all   87,77    0,00    8,30    0,00    0,00    2,31    0,00    0,00    0,00    1,62
16:58:35     all   85,95    0,00    9,85    0,00    0,00    3,39    0,00    0,00    0,00    0,82
16:58:36     all   83,22    0,06   11,79    0,00    0,00    3,87    0,00    0,00    0,00    1,06
16:58:37     all   82,26    0,00   13,04    0,00    0,00    3,95    0,00    0,00    0,00    0,75
16:58:38     all   78,92    0,00   14,70    0,00    0,00    5,13    0,00    0,00    0,00    1,25
16:58:39     all   65,50    0,00   21,81    0,00    0,00    8,61    0,00    0,00    0,00    4,08
16:58:40     all   63,46    0,00   23,56    0,00    0,00    8,61    0,00    0,00    0,00    4,37
16:58:41     all   64,72    0,00   22,38    0,00    0,00    8,58    0,00    0,00    0,00    4,32
16:58:42     all   64,89    0,00   23,09    0,00    0,00    8,02    0,00    0,00    0,00    4,01
16:58:43     all   66,75    0,00   21,66    0,00    0,00    7,92    0,00    0,00    0,00    3,67
16:58:44     all   65,31    0,00   21,66    0,00    0,00    8,70    0,00    0,00    0,00    4,32
16:58:45     all   67,22    0,00   21,14    0,00    0,00    7,66    0,00    0,00    0,00    3,99
16:58:46     all   66,16    0,00   21,65    0,00    0,00    8,00    0,00    0,00    0,00    4,19
16:58:47     all   65,90    0,00   21,06    0,00    0,00    8,46    0,00    0,00    0,00    4,58
16:58:48     all   65,55    0,00   22,06    0,00    0,00    8,09    0,00    0,00    0,00    4,30
16:58:49     all   66,50    0,00   21,30    0,00    0,00    7,95    0,00    0,00    0,00    4,26
16:58:50     all   66,52    0,00   20,97    0,00    0,00    8,28    0,00    0,00    0,00    4,23
16:58:51     all   66,96    0,06   20,63    0,00    0,00    8,29    0,00    0,00    0,00    4,05
16:58:52     all   66,14    0,00   21,42    0,00    0,00    8,53    0,00    0,00    0,00    3,92

--- CPU stats for 28 threads ---
Linux 6.8.0-57-generic (artem-XENIA-15) 	13.04.2025 	_x86_64_	(16 CPU)

16:58:53     CPU    %usr   %nice    %sys %iowait    %irq   %soft  %steal  %guest  %gnice   %idle
16:58:54     all   28,50    0,00    2,15    0,00    0,00    0,06    0,00    0,00    0,00   69,28
16:58:55     all   34,71    0,00    1,90    0,00    0,00    0,06    0,00    0,00    0,00   63,33
16:58:56     all   11,55    0,00    1,20    0,00    0,00    0,00    0,00    0,00    0,00   87,26
16:58:57     all    1,45    0,00    0,76    0,00    0,00    0,06    0,00    0,00    0,00   97,73
16:58:58     all    1,83    0,00    1,64    0,00    0,00    0,00    0,00    0,00    0,00   96,52
16:58:59     all    0,75    0,00    0,50    0,00    0,00    0,00    0,00    0,00    0,00   98,75
16:59:00     all    0,63    0,00    0,38    0,00    0,00    0,00    0,00    0,00    0,00   99,00
16:59:01     all    0,50    0,00    0,50    0,00    0,00    0,00    0,00    0,00    0,00   98,99
16:59:02     all    0,56    0,00    0,31    0,00    0,00    0,00    0,00    0,00    0,00   99,12
16:59:03     all    0,94    0,06    0,75    0,00    0,00    0,06    0,00    0,00    0,00   98,18
16:59:04     all    1,19    0,00    0,31    0,00    0,00    0,00    0,00    0,00    0,00   98,49
16:59:05     all    1,07    0,00    0,63    0,00    0,00    0,00    0,00    0,00    0,00   98,30
16:59:06     all   17,09    0,00    1,13    0,00    0,00    0,13    0,00    0,00    0,00   81,66
16:59:07     all   27,42    0,00    1,01    0,00    0,00    0,06    0,00    0,00    0,00   71,51
16:59:08     all    6,65    0,00    0,88    0,00    0,00    0,00    0,00    0,00    0,00   92,47
16:59:09     all    1,00    0,00    0,69    0,00    0,00    0,06    0,00    0,00    0,00   98,24
16:59:10     all    1,64    0,00    0,57    0,00    0,00    0,00    0,00    0,00    0,00   97,79
16:59:11     all    1,83    0,00    0,88    0,00    0,00    0,00    0,00    0,00    0,00   97,29
16:59:12     all    1,45    0,00    0,51    0,00    0,00    0,00    0,00    0,00    0,00   98,04
16:59:13     all    1,63    0,00    0,63    0,00    0,00    0,06    0,00    0,00    0,00   97,67
16:59:14     all    0,94    0,00    0,94    0,00    0,00    0,00    0,00    0,00    0,00   98,12
16:59:15     all    2,27    0,00    0,69    0,00    0,00    0,00    0,00    0,00    0,00   97,04
16:59:16     all   27,68    0,06    3,29    0,06    0,00    0,32    0,00    0,00    0,00   68,59
16:59:17     all   87,90    0,00    8,46    0,00    0,00    2,38    0,00    0,00    0,00    1,25
16:59:18     all   86,05    0,00    9,89    0,00    0,00    3,50    0,00    0,00    0,00    0,56
16:59:19     all   84,25    0,00   11,25    0,00    0,00    3,94    0,00    0,00    0,00    0,56
16:59:20     all   82,22    0,00   12,65    0,00    0,00    4,38    0,00    0,00    0,00    0,75
16:59:21     all   78,78    0,00   14,69    0,00    0,00    5,15    0,00    0,00    0,00    1,38
16:59:22     all   64,29    0,00   22,64    0,00    0,00    8,48    0,00    0,00    0,00    4,59
16:59:23     all   64,03    0,00   22,96    0,00    0,00    8,55    0,00    0,00    0,00    4,46
16:59:24     all   64,62    0,00   22,28    0,00    0,00    8,61    0,00    0,00    0,00    4,49
16:59:25     all   64,21    0,00   22,76    0,00    0,00    8,71    0,00    0,00    0,00    4,32
16:59:26     all   65,12    0,00   22,11    0,00    0,00    8,64    0,00    0,00    0,00    4,13
16:59:27     all   65,32    0,00   21,90    0,00    0,00    8,48    0,00    0,00    0,00    4,30
16:59:28     all   64,97    0,00   22,57    0,00    0,00    8,52    0,00    0,00    0,00    3,94
16:59:29     all   65,93    0,00   21,76    0,00    0,00    8,25    0,00    0,00    0,00    4,06
16:59:30     all   66,35    0,00   21,46    0,00    0,00    8,06    0,00    0,00    0,00    4,13
16:59:31     all   66,16    0,00   21,99    0,00    0,00    7,92    0,00    0,00    0,00    3,93
16:59:32     all   65,95    0,00   21,37    0,00    0,00    8,69    0,00    0,00    0,00    3,99
16:59:33     all   67,03    0,00   21,07    0,00    0,00    8,27    0,00    0,00    0,00    3,63
16:59:34     all   66,73    0,00   22,01    0,00    0,00    7,57    0,00    0,00    0,00    3,69
16:59:35     all   67,24    0,00   20,87    0,00    0,00    8,27    0,00    0,00    0,00    3,63

--- CPU stats for 32 threads ---
Linux 6.8.0-57-generic (artem-XENIA-15) 	13.04.2025 	_x86_64_	(16 CPU)

16:59:36     CPU    %usr   %nice    %sys %iowait    %irq   %soft  %steal  %guest  %gnice   %idle
16:59:37     all   26,63    0,00    2,09    0,00    0,00    0,00    0,00    0,00    0,00   71,27
16:59:38     all   35,90    0,00    2,08    0,06    0,00    0,06    0,00    0,00    0,00   61,89
16:59:39     all   13,16    0,00    1,45    0,00    0,00    0,00    0,00    0,00    0,00   85,39
16:59:40     all    1,63    0,00    1,13    0,00    0,00    0,13    0,00    0,00    0,00   97,12
16:59:41     all    1,83    0,06    1,26    0,00    0,00    0,00    0,00    0,00    0,00   96,85
16:59:42     all    0,56    0,00    0,50    0,00    0,00    0,00    0,00    0,00    0,00   98,93
16:59:43     all    1,45    0,00    0,63    0,00    0,00    0,00    0,00    0,00    0,00   97,91
16:59:44     all    1,13    0,00    0,25    0,06    0,00    0,00    0,00    0,00    0,00   98,56
16:59:45     all    1,39    0,00    0,88    0,06    0,00    0,00    0,00    0,00    0,00   97,67
16:59:46     all    1,76    0,00    0,76    0,00    0,00    0,00    0,00    0,00    0,00   97,48
16:59:47     all    0,57    0,00    0,31    0,00    0,00    0,00    0,00    0,00    0,00   99,12
16:59:48     all    0,94    0,00    0,69    0,00    0,00    0,06    0,00    0,00    0,00   98,31
16:59:49     all   16,86    0,00    1,01    0,00    0,00    0,00    0,00    0,00    0,00   82,13
16:59:50     all   25,25    0,00    1,95    0,00    0,00    0,00    0,00    0,00    0,00   72,80
16:59:51     all    6,85    0,00    0,82    0,06    0,00    0,00    0,00    0,00    0,00   92,27
16:59:52     all    1,45    0,00    0,32    0,00    0,00    0,00    0,00    0,00    0,00   98,23
16:59:53     all    0,38    0,06    0,38    0,00    0,00    0,00    0,00    0,00    0,00   99,18
16:59:54     all    0,56    0,00    0,50    0,06    0,00    0,13    0,00    0,00    0,00   98,75
16:59:55     all    1,76    0,00    0,82    0,00    0,00    0,00    0,00    0,00    0,00   97,42
16:59:56     all    0,75    0,00    0,50    0,00    0,00    0,00    0,00    0,00    0,00   98,74
16:59:57     all    1,70    0,00    1,19    0,00    0,00    0,00    0,00    0,00    0,00   97,11
16:59:58     all    1,13    0,00    0,25    0,00    0,00    0,00    0,00    0,00    0,00   98,62
16:59:59     all   27,91    0,00    3,47    0,13    0,00    0,32    0,00    0,00    0,00   68,18
17:00:00     all   86,92    0,00    9,20    0,00    0,00    2,38    0,00    0,00    0,00    1,50
17:00:01     all   85,67    0,00   10,16    0,00    0,00    3,68    0,00    0,00    0,00    0,50
17:00:02     all   84,27    0,00   11,47    0,00    0,00    3,63    0,00    0,00    0,00    0,63
17:00:03     all   81,78    0,00   12,77    0,00    0,00    4,63    0,00    0,00    0,00    0,81
17:00:04     all   74,48    0,00   16,80    0,00    0,00    6,63    0,00    0,00    0,00    2,08
17:00:05     all   64,36    0,00   23,08    0,00    0,00    8,24    0,00    0,00    0,00    4,31
17:00:06     all   63,52    0,00   23,25    0,00    0,00    9,26    0,00    0,00    0,00    3,97
17:00:07     all   65,27    0,00   22,33    0,00    0,00    8,14    0,00    0,00    0,00    4,26
17:00:08     all   66,12    0,00   21,83    0,00    0,00    8,12    0,00    0,00    0,00    3,93
17:00:09     all   65,56    0,00   21,83    0,00    0,00    8,66    0,00    0,00    0,00    3,95
17:00:10     all   66,01    0,00   21,73    0,00    0,00    8,40    0,00    0,00    0,00    3,85
17:00:11     all   65,99    0,00   22,21    0,00    0,00    8,12    0,00    0,00    0,00    3,68
17:00:12     all   66,31    0,00   21,62    0,00    0,00    8,41    0,00    0,00    0,00    3,67
17:00:13     all   66,16    0,00   22,20    0,00    0,00    8,08    0,00    0,00    0,00    3,56
17:00:14     all   65,47    0,06   22,98    0,00    0,00    7,77    0,00    0,00    0,00    3,72
17:00:15     all   67,47    0,00   20,75    0,00    0,00    7,96    0,00    0,00    0,00    3,82
17:00:16     all   66,23    0,00   22,08    0,00    0,00    8,18    0,00    0,00    0,00    3,52
17:00:17     all   67,32    0,00   21,22    0,00    0,00    8,11    0,00    0,00    0,00    3,36
17:00:18     all   67,74    0,00   20,64    0,00    0,00    8,14    0,00    0,00    0,00    3,47

--- CPU stats for 36 threads ---
Linux 6.8.0-57-generic (artem-XENIA-15) 	13.04.2025 	_x86_64_	(16 CPU)

17:00:19     CPU    %usr   %nice    %sys %iowait    %irq   %soft  %steal  %guest  %gnice   %idle
17:00:20     all   30,11    0,00    1,90    0,00    0,00    0,13    0,00    0,00    0,00   67,87
17:00:21     all   37,87    0,00    2,84    0,00    0,00    0,06    0,00    0,00    0,00   59,23
17:00:22     all   14,45    0,00    1,38    0,00    0,00    0,06    0,00    0,00    0,00   84,11
17:00:23     all    1,63    0,00    0,69    0,00    0,00    0,00    0,00    0,00    0,00   97,67
17:00:24     all    1,64    0,00    1,45    0,00    0,00    0,06    0,00    0,00    0,00   96,84
17:00:25     all    2,45    0,00    0,88    0,13    0,00    0,00    0,00    0,00    0,00   96,55
17:00:26     all    1,26    0,00    0,44    0,00    0,00    0,00    0,00    0,00    0,00   98,30
17:00:27     all    1,07    0,00    0,82    0,06    0,00    0,06    0,00    0,00    0,00   97,99
17:00:28     all    1,82    0,00    0,88    0,00    0,00    0,00    0,00    0,00    0,00   97,30
17:00:29     all    1,14    0,00    0,38    0,00    0,00    0,00    0,00    0,00    0,00   98,48
17:00:30     all    2,14    0,00    0,88    0,00    0,00    0,06    0,00    0,00    0,00   96,92
17:00:31     all    1,26    0,00    0,69    0,00    0,00    0,00    0,00    0,00    0,00   98,05
17:00:32     all   16,91    0,00    1,70    0,00    0,00    0,06    0,00    0,00    0,00   81,32
17:00:33     all   28,39    0,00    1,51    0,00    0,00    0,06    0,00    0,00    0,00   70,04
17:00:34     all    8,22    0,00    0,63    0,00    0,00    0,00    0,00    0,00    0,00   91,15
17:00:35     all    1,52    0,00    0,25    0,00    0,00    0,00    0,00    0,00    0,00   98,23
17:00:36     all    1,32    0,00    0,76    0,00    0,00    0,06    0,00    0,00    0,00   97,86
17:00:37     all    2,01    0,00    1,13    0,00    0,00    0,06    0,00    0,00    0,00   96,80
17:00:38     all    1,45    0,00    0,75    0,00    0,00    0,00    0,00    0,00    0,00   97,80
17:00:39     all    1,58    0,00    0,76    0,00    0,00    0,00    0,00    0,00    0,00   97,67
17:00:40     all    1,64    0,00    0,69    0,00    0,00    0,00    0,00    0,00    0,00   97,67
17:00:41     all    1,19    0,00    0,50    0,00    0,00    0,00    0,00    0,00    0,00   98,30
17:00:42     all   26,33    0,00    3,55    0,06    0,00    0,19    0,00    0,00    0,00   69,86
17:00:43     all   87,56    0,00    8,06    0,00    0,00    2,38    0,00    0,00    0,00    2,00
17:00:44     all   85,53    0,00   10,09    0,00    0,00    3,63    0,00    0,00    0,00    0,75
17:00:45     all   83,85    0,00   11,33    0,00    0,00    3,88    0,00    0,00    0,00    0,94
17:00:46     all   81,61    0,00   13,26    0,00    0,00    4,38    0,00    0,00    0,00    0,75
17:00:47     all   69,78    0,00   20,38    0,00    0,00    6,88    0,00    0,00    0,00    2,97
17:00:48     all   63,93    0,00   23,19    0,00    0,00    8,39    0,00    0,00    0,00    4,48
17:00:49     all   64,47    0,00   22,21    0,00    0,00    8,82    0,00    0,00    0,00    4,51
17:00:50     all   64,20    0,00   23,04    0,00    0,00    8,46    0,00    0,00    0,00    4,29
17:00:51     all   65,41    0,00   21,66    0,00    0,00    8,79    0,00    0,00    0,00    4,14
17:00:52     all   65,54    0,00   22,34    0,00    0,00    8,17    0,00    0,00    0,00    3,96
17:00:53     all   65,19    0,00   22,09    0,00    0,00    8,61    0,00    0,00    0,00    4,11
17:00:54     all   66,31    0,00   21,83    0,00    0,00    8,17    0,00    0,00    0,00    3,70
17:00:55     all   66,50    0,00   21,06    0,00    0,00    8,61    0,00    0,00    0,00    3,83
17:00:56     all   66,67    0,00   21,40    0,00    0,00    8,19    0,00    0,00    0,00    3,75
17:00:57     all   66,71    0,00   21,47    0,00    0,00    8,13    0,00    0,00    0,00    3,68
17:00:58     all   66,33    0,00   22,19    0,00    0,00    7,99    0,00    0,00    0,00    3,49
17:00:59     all   66,41    0,00   21,57    0,00    0,00    8,29    0,00    0,00    0,00    3,73
17:01:00     all   66,41    0,00   21,52    0,00    0,00    8,57    0,00    0,00    0,00    3,49
17:01:01     all   67,35    0,00   21,20    0,00    0,00    8,08    0,00    0,00    0,00    3,37

--- CPU stats for 40 threads ---
Linux 6.8.0-57-generic (artem-XENIA-15) 	13.04.2025 	_x86_64_	(16 CPU)

17:01:02     CPU    %usr   %nice    %sys %iowait    %irq   %soft  %steal  %guest  %gnice   %idle
17:01:03     all   28,43    0,00    2,65    0,00    0,00    0,13    0,00    0,00    0,00   68,79
17:01:04     all   39,60    0,00    2,09    0,00    0,00    0,06    0,00    0,00    0,00   58,25
17:01:05     all   15,40    0,00    1,13    0,06    0,00    0,06    0,00    0,00    0,00   83,34
17:01:06     all    0,50    0,00    0,31    0,00    0,00    0,00    0,00    0,00    0,00   99,19
17:01:07     all    0,94    0,00    1,13    0,00    0,00    0,00    0,00    0,00    0,00   97,92
17:01:08     all    1,13    0,00    1,00    0,00    0,00    0,00    0,00    0,00    0,00   97,87
17:01:09     all    1,32    0,00    0,57    0,00    0,00    0,00    0,00    0,00    0,00   98,11
17:01:10     all    1,95    0,00    0,82    0,06    0,00    0,06    0,00    0,00    0,00   97,11
17:01:11     all    1,83    0,00    0,63    0,00    0,00    0,00    0,00    0,00    0,00   97,54
17:01:12     all    2,33    0,00    0,88    0,00    0,00    0,00    0,00    0,00    0,00   96,79
17:01:13     all    2,08    0,00    1,01    0,06    0,00    0,06    0,00    0,00    0,00   96,78
17:01:14     all    1,82    0,00    0,69    0,00    0,00    0,06    0,00    0,00    0,00   97,42
17:01:15     all   14,29    0,00    1,39    0,00    0,00    0,06    0,00    0,00    0,00   84,26
17:01:16     all   26,96    0,00    1,38    0,00    0,00    0,06    0,00    0,00    0,00   71,59
17:01:17     all    9,17    0,00    0,56    0,00    0,00    0,00    0,00    0,00    0,00   90,27
17:01:18     all    1,50    0,00    0,82    0,00    0,00    0,06    0,00    0,00    0,00   97,62
17:01:19     all    0,95    0,00    0,32    0,00    0,00    0,00    0,00    0,00    0,00   98,74
17:01:20     all    1,26    0,00    0,57    0,00    0,00    0,00    0,00    0,00    0,00   98,17
17:01:21     all    1,83    0,00    0,50    0,00    0,00    0,06    0,00    0,00    0,00   97,61
17:01:22     all    1,64    0,00    0,76    0,00    0,00    0,06    0,00    0,00    0,00   97,54
17:01:23     all    2,58    0,00    0,76    0,00    0,00    0,00    0,00    0,00    0,00   96,66
17:01:24     all    1,89    0,00    0,69    0,00    0,00    0,00    0,00    0,00    0,00   97,41
17:01:25     all   22,01    0,06    2,86    0,00    0,00    0,06    0,00    0,00    0,00   75,00
17:01:26     all   87,82    0,00    8,29    0,00    0,00    2,26    0,00    0,00    0,00    1,63
17:01:27     all   85,13    0,00   10,49    0,00    0,00    3,31    0,00    0,00    0,00    1,06
17:01:28     all   82,91    0,00   11,77    0,00    0,00    4,01    0,00    0,00    0,00    1,31
17:01:29     all   81,08    0,00   13,28    0,00    0,00    4,39    0,00    0,00    0,00    1,25
17:01:30     all   69,03    0,00   20,16    0,00    0,00    7,52    0,00    0,00    0,00    3,29
17:01:31     all   63,77    0,00   22,65    0,00    0,00    8,82    0,00    0,00    0,00    4,76
17:01:32     all   64,75    0,00   22,43    0,00    0,00    8,48    0,00    0,00    0,00    4,33
17:01:33     all   64,34    0,00   22,70    0,00    0,00    8,58    0,00    0,00    0,00    4,39
17:01:34     all   64,46    0,00   22,57    0,00    0,00    8,84    0,00    0,00    0,00    4,13
17:01:35     all   64,53    0,00   22,84    0,00    0,00    8,44    0,00    0,00    0,00    4,19
17:01:36     all   66,26    0,00   21,16    0,00    0,00    8,39    0,00    0,00    0,00    4,19
17:01:37     all   66,31    0,00   21,85    0,00    0,00    8,22    0,00    0,00    0,00    3,63
17:01:38     all   65,91    0,00   21,91    0,00    0,00    8,27    0,00    0,00    0,00    3,91
17:01:39     all   65,41    0,00   22,23    0,00    0,00    8,54    0,00    0,00    0,00    3,82
17:01:40     all   66,90    0,00   20,66    0,00    0,00    8,59    0,00    0,00    0,00    3,85
17:01:41     all   66,86    0,00   21,44    0,00    0,00    8,08    0,00    0,00    0,00    3,63
17:01:42     all   67,05    0,00   21,40    0,00    0,00    8,02    0,00    0,00    0,00    3,54
17:01:43     all   67,09    0,00   21,03    0,00    0,00    8,26    0,00    0,00    0,00    3,62
17:01:44     all   66,46    0,00   21,79    0,00    0,00    8,15    0,00    0,00    0,00    3,60
