CPU usage during test runs:

--- CPU stats for 4 threads ---
Linux 6.8.0-57-generic (artem-XENIA-15) 	13.04.2025 	_x86_64_	(16 CPU)

15:46:21     CPU    %usr   %nice    %sys %iowait    %irq   %soft  %steal  %guest  %gnice   %idle
15:46:22     all   55,51    0,00    4,62    0,32    0,00    0,58    0,00    0,00    0,00   38,97
15:46:23     all   74,49    0,00    4,39    0,06    0,00    1,21    0,00    0,00    0,00   19,85
15:46:24     all   75,54    0,00    5,56    0,00    0,00    1,66    0,00    0,00    0,00   17,24
15:46:25     all   51,86    0,00    6,42    0,00    0,00    2,37    0,00    0,00    0,00   39,35
15:46:26     all   21,89    0,06    7,19    0,00    0,00    2,50    0,00    0,00    0,00   68,36
15:46:27     all   19,38    0,00    6,72    0,00    0,00    2,71    0,00    0,00    0,00   71,19
15:46:28     all   20,89    0,00    6,75    0,00    0,00    2,44    0,00    0,00    0,00   69,92
15:46:29     all   21,25    0,00    6,57    0,00    0,00    2,64    0,00    0,00    0,00   69,54
15:46:30     all   19,92    0,00    6,45    0,00    0,00    2,97    0,00    0,00    0,00   70,66
15:46:31     all   21,74    0,00    7,94    0,06    0,00    2,58    0,00    0,00    0,00   67,68
15:46:32     all   21,70    0,00    6,80    0,00    0,00    2,66    0,00    0,00    0,00   68,85
15:46:33     all   21,98    0,00    6,66    0,00    0,00    2,65    0,00    0,00    0,00   68,71
15:46:34     all   22,22    0,00    6,83    0,00    0,00    2,58    0,00    0,00    0,00   68,38
15:46:35     all   20,73    0,00    6,61    0,00    0,00    2,76    0,00    0,00    0,00   69,90
15:46:36     all   21,18    0,00    7,60    0,00    0,00    2,64    0,00    0,00    0,00   68,58
15:46:37     all   19,68    0,00    6,39    0,00    0,00    2,90    0,00    0,00    0,00   71,03
15:46:38     all   20,81    0,00    5,97    0,00    0,00    3,02    0,00    0,00    0,00   70,20
15:46:39     all   19,73    0,00    7,30    0,06    0,00    2,75    0,00    0,00    0,00   70,15
15:46:40     all   20,05    0,00    6,30    0,00    0,00    2,63    0,00    0,00    0,00   71,02
15:46:41     all   20,36    0,00    6,83    0,00    0,00    2,58    0,00    0,00    0,00   70,23

--- CPU stats for 8 threads ---
Linux 6.8.0-57-generic (artem-XENIA-15) 	13.04.2025 	_x86_64_	(16 CPU)

15:46:41     CPU    %usr   %nice    %sys %iowait    %irq   %soft  %steal  %guest  %gnice   %idle
15:46:42     all   67,60    0,00   11,25    0,00    0,00    3,71    0,00    0,00    0,00   17,44
15:46:43     all   43,20    0,00   12,62    0,00    0,00    4,73    0,00    0,00    0,00   39,45
15:46:44     all   47,44    0,00   13,70    0,00    0,00    5,18    0,00    0,00    0,00   33,68
15:46:45     all   40,58    0,00   13,25    0,00    0,00    5,13    0,00    0,00    0,00   41,04
15:46:46     all   55,04    0,07   15,12    0,00    0,00    4,52    0,00    0,00    0,00   25,26
15:46:47     all   44,68    0,00   13,72    0,00    0,00    4,96    0,00    0,00    0,00   36,64
15:46:48     all   39,51    0,00   13,13    0,00    0,00    4,88    0,00    0,00    0,00   42,48
15:46:49     all   39,63    0,00   12,84    0,00    0,00    5,02    0,00    0,00    0,00   42,50
15:46:50     all   39,38    0,00   12,56    0,00    0,00    4,87    0,00    0,00    0,00   43,20
15:46:51     all   43,45    0,00   14,92    0,00    0,00    4,99    0,00    0,00    0,00   36,64
15:46:52     all   42,76    0,00   15,38    0,00    0,00    5,02    0,00    0,00    0,00   36,83
15:46:53     all   39,66    0,00   12,83    0,00    0,00    5,37    0,00    0,00    0,00   42,15
15:46:54     all   39,20    0,00   12,45    0,00    0,00    4,87    0,00    0,00    0,00   43,48
15:46:55     all   40,42    0,00   13,17    0,00    0,00    5,22    0,00    0,00    0,00   41,20
15:46:56     all   46,25    0,00   14,17    0,00    0,00    4,92    0,00    0,00    0,00   34,67
15:46:57     all   42,16    0,00   14,77    0,00    0,00    5,29    0,00    0,00    0,00   37,78
15:46:58     all   40,04    0,00   12,49    0,00    0,00    4,67    0,00    0,00    0,00   42,80
15:46:59     all   39,32    0,00   13,04    0,00    0,00    5,05    0,00    0,00    0,00   42,60
15:47:00     all   38,91    0,00   13,60    0,00    0,00    5,04    0,00    0,00    0,00   42,45
15:47:01     all   39,97    0,00   12,45    0,00    0,00    4,91    0,00    0,00    0,00   42,66

--- CPU stats for 12 threads ---
Linux 6.8.0-57-generic (artem-XENIA-15) 	13.04.2025 	_x86_64_	(16 CPU)

15:47:01     CPU    %usr   %nice    %sys %iowait    %irq   %soft  %steal  %guest  %gnice   %idle
15:47:02     all   51,29    0,00   17,01    0,00    0,00    6,62    0,00    0,00    0,00   25,08
15:47:03     all   55,91    0,00   18,88    0,00    0,00    7,13    0,00    0,00    0,00   18,09
15:47:04     all   54,61    0,00   18,29    0,00    0,00    7,21    0,00    0,00    0,00   19,89
15:47:05     all   54,53    0,00   18,38    0,00    0,00    7,11    0,00    0,00    0,00   19,99
15:47:06     all   54,80    0,00   18,99    0,00    0,00    7,28    0,00    0,00    0,00   18,93
15:47:07     all   56,66    0,00   18,78    0,00    0,00    7,35    0,00    0,00    0,00   17,20
15:47:08     all   56,52    0,00   18,46    0,00    0,00    7,41    0,00    0,00    0,00   17,60
15:47:09     all   61,61    0,00   17,59    0,00    0,00    6,56    0,00    0,00    0,00   14,24
15:47:10     all   54,32    0,00   17,93    0,00    0,00    7,37    0,00    0,00    0,00   20,39
15:47:11     all   54,29    0,00   18,54    0,00    0,00    7,32    0,00    0,00    0,00   19,85
15:47:12     all   54,47    0,00   17,96    0,00    0,00    7,41    0,00    0,00    0,00   20,16
15:47:13     all   54,88    0,00   17,98    0,00    0,00    7,03    0,00    0,00    0,00   20,11
15:47:14     all   53,93    0,00   18,44    0,00    0,00    7,47    0,00    0,00    0,00   20,16
15:47:15     all   54,21    0,00   17,85    0,00    0,00    7,22    0,00    0,00    0,00   20,72
15:47:16     all   55,29    0,00   17,70    0,00    0,00    6,99    0,00    0,00    0,00   20,03
15:47:17     all   56,25    0,00   18,46    0,00    0,00    6,62    0,00    0,00    0,00   18,66
15:47:18     all   56,10    0,00   18,92    0,00    0,00    6,66    0,00    0,00    0,00   18,33
15:47:19     all   57,06    0,00   17,99    0,00    0,00    6,83    0,00    0,00    0,00   18,12
15:47:20     all   55,45    0,00   18,55    0,00    0,00    7,00    0,00    0,00    0,00   19,01
15:47:21     all   54,53    0,07   17,67    0,00    0,00    7,74    0,00    0,00    0,00   19,99

--- CPU stats for 16 threads ---
Linux 6.8.0-57-generic (artem-XENIA-15) 	13.04.2025 	_x86_64_	(16 CPU)

15:47:21     CPU    %usr   %nice    %sys %iowait    %irq   %soft  %steal  %guest  %gnice   %idle
15:47:22     all   56,27    0,00   18,63    0,06    0,00    6,53    0,00    0,00    0,00   18,50
15:47:23     all   58,44    0,00   21,07    0,00    0,00    7,53    0,00    0,00    0,00   12,96
15:47:24     all   58,45    0,00   20,09    0,00    0,00    7,67    0,00    0,00    0,00   13,78
15:47:25     all   59,44    0,00   20,57    0,00    0,00    7,46    0,00    0,00    0,00   12,52
15:47:26     all   58,43    0,00   20,13    0,00    0,00    8,24    0,00    0,00    0,00   13,20
15:47:27     all   59,86    0,00   19,97    0,00    0,00    7,63    0,00    0,00    0,00   12,54
15:47:28     all   58,46    0,00   20,41    0,00    0,00    7,49    0,00    0,00    0,00   13,63
15:47:29     all   59,62    0,00   19,44    0,06    0,00    7,52    0,00    0,00    0,00   13,35
15:47:30     all   57,40    0,00   20,16    0,00    0,00    8,12    0,00    0,00    0,00   14,33
15:47:31     all   58,56    0,00   20,07    0,00    0,00    7,52    0,00    0,00    0,00   13,86
15:47:32     all   57,93    0,00   19,68    0,00    0,00    7,97    0,00    0,00    0,00   14,42
15:47:33     all   57,98    0,00   19,84    0,00    0,00    8,47    0,00    0,00    0,00   13,70
15:47:34     all   59,69    0,00   19,31    0,00    0,00    7,26    0,00    0,00    0,00   13,74
15:47:35     all   59,17    0,00   19,20    0,00    0,00    7,59    0,00    0,00    0,00   14,05
15:47:36     all   59,19    0,00   19,42    0,00    0,00    7,59    0,00    0,00    0,00   13,80
15:47:37     all   59,17    0,00   19,59    0,00    0,00    7,10    0,00    0,00    0,00   14,14
15:47:38     all   59,56    0,00   19,57    0,00    0,00    7,44    0,00    0,00    0,00   13,44
15:47:39     all   58,71    0,00   20,26    0,00    0,00    7,57    0,00    0,00    0,00   13,46
15:47:40     all   59,67    0,00   19,22    0,00    0,00    7,65    0,00    0,00    0,00   13,46
15:47:41     all   59,47    0,00   20,17    0,00    0,00    7,16    0,00    0,00    0,00   13,21

--- CPU stats for 20 threads ---
Linux 6.8.0-57-generic (artem-XENIA-15) 	13.04.2025 	_x86_64_	(16 CPU)

15:47:41     CPU    %usr   %nice    %sys %iowait    %irq   %soft  %steal  %guest  %gnice   %idle
15:47:42     all   53,85    0,07   19,78    0,00    0,00    7,44    0,00    0,00    0,00   18,86
15:47:43     all   58,79    0,00   21,09    0,00    0,00    8,14    0,00    0,00    0,00   11,98
15:47:44     all   59,49    0,00   21,14    0,00    0,00    7,66    0,00    0,00    0,00   11,71
15:47:45     all   59,48    0,06   21,23    0,00    0,00    8,03    0,00    0,00    0,00   11,20
15:47:46     all   59,44    0,00   20,83    0,00    0,00    7,72    0,00    0,00    0,00   12,01
15:47:47     all   59,91    0,00   19,16    0,00    0,00    7,91    0,00    0,00    0,00   13,02
15:47:48     all   58,56    0,00   20,46    0,00    0,00    8,46    0,00    0,00    0,00   12,52
15:47:49     all   58,44    0,00   21,04    0,00    0,00    7,95    0,00    0,00    0,00   12,57
15:47:50     all   58,69    0,00   20,43    0,00    0,00    8,20    0,00    0,00    0,00   12,69
15:47:51     all   60,10    0,07   20,27    0,00    0,00    7,33    0,00    0,00    0,00   12,23
15:47:52     all   60,98    0,00   20,35    0,00    0,00    7,11    0,00    0,00    0,00   11,56
15:47:53     all   62,83    0,00   19,07    0,06    0,00    7,63    0,00    0,00    0,00   10,41
15:47:54     all   60,34    0,00   20,61    0,00    0,00    7,28    0,00    0,00    0,00   11,77
15:47:55     all   61,08    0,06   19,30    0,00    0,00    7,51    0,00    0,00    0,00   12,05
15:47:56     all   61,02    0,00   19,52    0,00    0,00    7,33    0,00    0,00    0,00   12,13
15:47:57     all   62,39    0,00   19,26    0,00    0,00    7,22    0,00    0,00    0,00   11,13
15:47:58     all   62,36    0,00   18,43    0,00    0,00    7,45    0,00    0,00    0,00   11,75
15:47:59     all   61,64    0,00   19,77    0,00    0,00    7,35    0,00    0,00    0,00   11,25
15:48:00     all   60,18    0,00   19,14    0,00    0,00    7,77    0,00    0,00    0,00   12,91
15:48:01     all   60,03    0,00   19,41    0,00    0,00    7,74    0,00    0,00    0,00   12,83

--- CPU stats for 24 threads ---
Linux 6.8.0-57-generic (artem-XENIA-15) 	13.04.2025 	_x86_64_	(16 CPU)

15:48:02     CPU    %usr   %nice    %sys %iowait    %irq   %soft  %steal  %guest  %gnice   %idle
15:48:03     all   54,60    0,00   18,35    0,06    0,00    7,21    0,00    0,00    0,00   19,77
15:48:04     all   60,10    0,00   19,75    0,13    0,00    7,54    0,00    0,00    0,00   12,48
15:48:05     all   59,51    0,00   20,05    0,00    0,00    7,55    0,00    0,00    0,00   12,89
15:48:06     all   60,72    0,00   20,41    0,06    0,00    7,51    0,00    0,00    0,00   11,30
15:48:07     all   58,55    0,00   19,91    0,00    0,00    7,86    0,00    0,00    0,00   13,69
15:48:08     all   58,44    0,00   19,94    0,00    0,00    7,86    0,00    0,00    0,00   13,77
15:48:09     all   58,90    0,00   19,29    0,00    0,00    8,00    0,00    0,00    0,00   13,81
15:48:10     all   58,75    0,00   20,30    0,00    0,00    8,03    0,00    0,00    0,00   12,92
15:48:11     all   58,99    0,00   19,47    0,00    0,00   10,16    0,00    0,00    0,00   11,38
15:48:12     all   58,97    0,00   19,64    0,00    0,00    7,80    0,00    0,00    0,00   13,59
15:48:13     all   59,06    0,00   19,36    0,00    0,00    7,82    0,00    0,00    0,00   13,75
15:48:14     all   63,13    0,00   19,27    0,00    0,00    7,39    0,00    0,00    0,00   10,21
15:48:15     all   61,83    0,00   19,76    0,00    0,00    6,71    0,00    0,00    0,00   11,70
15:48:16     all   59,66    0,00   19,65    0,00    0,00    7,65    0,00    0,00    0,00   13,04
15:48:17     all   61,26    0,00   19,43    0,00    0,00    7,08    0,00    0,00    0,00   12,23
15:48:18     all   60,22    0,00   18,94    0,00    0,00    7,32    0,00    0,00    0,00   13,52
15:48:19     all   60,64    0,00   18,61    0,00    0,00    7,65    0,00    0,00    0,00   13,10
15:48:20     all   60,98    0,00   20,09    0,00    0,00    7,00    0,00    0,00    0,00   11,94
15:48:21     all   60,77    0,00   20,26    0,00    0,00    7,23    0,00    0,00    0,00   11,74
15:48:22     all   60,17    0,00   18,85    0,00    0,00    7,68    0,00    0,00    0,00   13,30

--- CPU stats for 28 threads ---
Linux 6.8.0-57-generic (artem-XENIA-15) 	13.04.2025 	_x86_64_	(16 CPU)

15:48:22     CPU    %usr   %nice    %sys %iowait    %irq   %soft  %steal  %guest  %gnice   %idle
15:48:23     all   54,26    0,06   19,19    0,06    0,00    7,24    0,00    0,00    0,00   19,19
15:48:24     all   58,56    0,00   19,58    0,00    0,00    7,87    0,00    0,00    0,00   13,99
15:48:25     all   58,04    0,00   19,91    0,00    0,00    8,24    0,00    0,00    0,00   13,81
15:48:26     all   57,90    0,00   20,69    0,00    0,00    7,83    0,00    0,00    0,00   13,58
15:48:27     all   58,72    0,00   19,86    0,00    0,00    7,75    0,00    0,00    0,00   13,67
15:48:28     all   59,94    0,00   19,81    0,00    0,00    7,73    0,00    0,00    0,00   12,53
15:48:29     all   58,98    0,00   19,27    0,00    0,00    7,81    0,00    0,00    0,00   13,93
15:48:30     all   58,72    0,00   19,90    0,00    0,00    7,91    0,00    0,00    0,00   13,48
15:48:31     all   58,19    0,06   20,91    0,00    0,00    7,77    0,00    0,00    0,00   13,07
15:48:32     all   58,70    0,00   20,26    0,00    0,00    7,79    0,00    0,00    0,00   13,25
15:48:33     all   58,24    0,00   20,14    0,00    0,00    7,92    0,00    0,00    0,00   13,71
15:48:34     all   58,96    0,00   19,74    0,00    0,00    7,75    0,00    0,00    0,00   13,55
15:48:35     all   60,31    0,00   20,04    0,00    0,00    7,79    0,00    0,00    0,00   11,87
15:48:36     all   58,95    0,00   20,75    0,00    0,00    7,59    0,00    0,00    0,00   12,71
15:48:37     all   59,55    0,00   19,48    0,00    0,00    7,53    0,00    0,00    0,00   13,44
15:48:38     all   60,95    0,00   18,90    0,00    0,00    7,69    0,00    0,00    0,00   12,45
15:48:39     all   60,42    0,00   18,68    0,00    0,00    7,68    0,00    0,00    0,00   13,22
15:48:40     all   59,78    0,00   19,43    0,00    0,00    7,41    0,00    0,00    0,00   13,39
15:48:41     all   59,68    0,00   19,55    0,00    0,00    7,83    0,00    0,00    0,00   12,94
15:48:42     all   61,42    0,00   19,68    0,00    0,00    7,42    0,00    0,00    0,00   11,48

--- CPU stats for 32 threads ---
Linux 6.8.0-57-generic (artem-XENIA-15) 	13.04.2025 	_x86_64_	(16 CPU)

15:48:42     CPU    %usr   %nice    %sys %iowait    %irq   %soft  %steal  %guest  %gnice   %idle
15:48:43     all   54,29    0,00   19,24    0,06    0,00    7,36    0,00    0,00    0,00   19,04
15:48:44     all   58,37    0,00   20,13    0,00    0,00    7,91    0,00    0,00    0,00   13,59
15:48:45     all   57,96    0,00   20,17    0,00    0,00    8,19    0,00    0,00    0,00   13,69
15:48:46     all   57,89    0,00   20,96    0,00    0,00    7,83    0,00    0,00    0,00   13,32
15:48:47     all   59,52    0,00   20,66    0,00    0,00    7,58    0,00    0,00    0,00   12,24
15:48:48     all   60,14    0,00   19,51    0,00    0,00    7,84    0,00    0,00    0,00   12,51
15:48:49     all   59,61    0,00   20,26    0,00    0,00    7,48    0,00    0,00    0,00   12,65
15:48:50     all   58,89    0,00   19,97    0,00    0,00    8,02    0,00    0,00    0,00   13,12
15:48:51     all   60,88    0,00   20,21    0,00    0,00    7,19    0,00    0,00    0,00   11,72
15:48:52     all   59,72    0,00   20,27    0,00    0,00    7,71    0,00    0,00    0,00   12,31
15:48:53     all   58,94    0,00   18,91    0,00    0,00    8,35    0,00    0,00    0,00   13,80
15:48:54     all   58,82    0,00   19,46    0,00    0,00    7,95    0,00    0,00    0,00   13,77
15:48:55     all   59,88    0,00   19,44    0,00    0,00    7,84    0,00    0,00    0,00   12,83
15:48:56     all   59,13    0,00   20,01    0,00    0,00    7,71    0,00    0,00    0,00   13,15
15:48:57     all   59,47    0,00   20,62    0,00    0,00    7,71    0,00    0,00    0,00   12,20
15:48:58     all   59,12    0,00   20,18    0,00    0,00    7,87    0,00    0,00    0,00   12,83
15:48:59     all   59,76    0,00   19,38    0,00    0,00    7,60    0,00    0,00    0,00   13,26
15:49:00     all   58,89    0,00   19,85    0,00    0,00    8,44    0,00    0,00    0,00   12,82
15:49:01     all   59,41    0,00   20,49    0,06    0,00    7,50    0,00    0,00    0,00   12,54
15:49:02     all   58,43    0,00   20,52    0,00    0,00    7,78    0,00    0,00    0,00   13,27

--- CPU stats for 36 threads ---
Linux 6.8.0-57-generic (artem-XENIA-15) 	13.04.2025 	_x86_64_	(16 CPU)

15:49:02     CPU    %usr   %nice    %sys %iowait    %irq   %soft  %steal  %guest  %gnice   %idle
15:49:03     all   53,48    0,07   19,00    0,00    0,00    7,94    0,00    0,00    0,00   19,52
15:49:04     all   60,83    0,00   19,55    0,00    0,00    8,14    0,00    0,00    0,00   11,47
15:49:05     all   59,52    0,00   19,95    0,00    0,00    7,72    0,00    0,00    0,00   12,82
15:49:06     all   58,14    0,00   20,96    0,00    0,00    7,98    0,00    0,00    0,00   12,91
15:49:07     all   59,51    0,00   20,25    0,00    0,00    8,07    0,00    0,00    0,00   12,17
15:49:08     all   59,27    0,00   21,24    0,00    0,00    7,72    0,00    0,00    0,00   11,78
15:49:09     all   59,77    0,00   20,70    0,00    0,00    7,98    0,00    0,00    0,00   11,55
15:49:10     all   61,64    0,00   19,90    0,00    0,00    7,22    0,00    0,00    0,00   11,25
15:49:11     all   63,12    0,00   19,66    0,00    0,00    7,22    0,00    0,00    0,00    9,99
15:49:12     all   61,47    0,00   19,75    0,00    0,00    7,63    0,00    0,00    0,00   11,15
15:49:13     all   59,17    0,00   20,09    0,00    0,00    8,23    0,00    0,00    0,00   12,51
15:49:14     all   58,28    0,00   20,93    0,00    0,00    8,02    0,00    0,00    0,00   12,78
15:49:15     all   58,55    0,00   20,56    0,00    0,00    8,25    0,00    0,00    0,00   12,64
15:49:16     all   59,34    0,00   20,75    0,00    0,00    7,59    0,00    0,00    0,00   12,32
15:49:17     all   58,99    0,00   20,76    0,00    0,00    7,83    0,00    0,00    0,00   12,42
15:49:18     all   59,04    0,00   21,00    0,00    0,00    8,00    0,00    0,00    0,00   11,96
15:49:19     all   60,03    0,00   19,66    0,00    0,00    8,03    0,00    0,00    0,00   12,28
15:49:20     all   59,86    0,00   19,84    0,00    0,00    7,90    0,00    0,00    0,00   12,40
15:49:21     all   59,27    0,00   20,76    0,00    0,00    7,96    0,00    0,00    0,00   12,01
15:49:22     all   60,53    0,00   20,67    0,00    0,00    7,62    0,00    0,00    0,00   11,18

--- CPU stats for 40 threads ---
Linux 6.8.0-57-generic (artem-XENIA-15) 	13.04.2025 	_x86_64_	(16 CPU)

15:49:22     CPU    %usr   %nice    %sys %iowait    %irq   %soft  %steal  %guest  %gnice   %idle
15:49:23     all   54,59    0,00   19,90    0,06    0,00    6,91    0,00    0,00    0,00   18,54
15:49:24     all   58,24    0,00   20,59    0,00    0,00    8,86    0,00    0,00    0,00   12,31
15:49:25     all   58,69    0,00   20,56    0,00    0,00    8,43    0,00    0,00    0,00   12,32
15:49:26     all   58,26    0,00   20,90    0,00    0,00    8,75    0,00    0,00    0,00   12,08
15:49:27     all   58,93    0,00   20,38    0,00    0,00    8,54    0,00    0,00    0,00   12,16
15:49:28     all   58,67    0,00   21,19    0,00    0,00    8,18    0,00    0,00    0,00   11,97
15:49:29     all   60,43    0,00   20,72    0,00    0,00    7,88    0,00    0,00    0,00   10,97
15:49:30     all   63,40    0,00   20,17    0,00    0,00    7,22    0,00    0,00    0,00    9,21
15:49:31     all   58,61    0,00   20,40    0,00    0,00    7,90    0,00    0,00    0,00   13,08
15:49:32     all   60,30    0,00   19,82    0,00    0,00    7,73    0,00    0,00    0,00   12,15
15:49:33     all   60,69    0,00   19,49    0,00    0,00    7,67    0,00    0,00    0,00   12,15
15:49:34     all   59,92    0,00   20,88    0,00    0,00    7,26    0,00    0,00    0,00   11,93
15:49:35     all   62,37    0,00   18,75    0,00    0,00    7,55    0,00    0,00    0,00   11,33
15:49:36     all   59,24    0,07   20,05    0,00    0,00    7,34    0,00    0,00    0,00   13,30
15:49:37     all   58,20    0,00   19,90    0,00    0,00    8,59    0,00    0,00    0,00   13,31
15:49:38     all   59,08    0,00   19,20    0,00    0,00    7,98    0,00    0,00    0,00   13,75
15:49:39     all   59,47    0,00   20,82    0,00    0,00    7,22    0,00    0,00    0,00   12,49
15:49:40     all   59,47    0,00   19,65    0,00    0,00    7,46    0,00    0,00    0,00   13,42
15:49:41     all   59,71    0,00   19,36    0,00    0,00    7,67    0,00    0,00    0,00   13,26
15:49:42     all   59,51    0,00   19,14    0,00    0,00    7,94    0,00    0,00    0,00   13,41
